INDEX

1110151111111111110111111111111- linubluhflyplnfflfflm
1111111111,11111111151111.5,91.111.

110111 11111. 7, 394 1110111, 11151111. 10, 40. nfirma&
4101101111111011111. 9, 59 5111111111ᾶο,67
11111111111011, 577. 4, 611. 6, 091. ambitioni· 11111 11111 11 111111. 10, 147,
11111111. 67 ambitiosum , Ι4370
111111611111111111111111105.10,21.“ι1 Anbncin omhbmindmdffl

010115111511111. 10, 46 Alexandria 111151161111111111. we

sepultus. 8, 694. 9,154. 10,19. 11111 1111110111 1151105111.1,501

in 110151111111111111111151111111-111111111 11011111511111. 0,111

1111111111. 10, 979. ad 011111 magno 1115511111151111157111111111100, 515

1115111 11111100101111 3, 934. 11156111111111111111111111111μ11·

1111 exemplum periculosum 11165111- 151. ·,0 710

vehitur porro in 111 11151111 per (11- 111511115111 1111111111 1111111011-

1111115111.10,25.111111.111105111115111,11(110111111111-
Alexandria 15115111111 1111111111 151. 10,30. 11111111 11111110,,31.1

1111511111. 0695 511111 115011111111111111. 3,101.
Alexandrina 1151111515111115.10, 111. 4 673

511111.111111111111111111111,11111(1. 6,ss
11111115111111511. 9,351 11111111111111115115111111, (1111111-
1111,11(111111151151111 6 701 703 1111111111 11111111. 1,371
alimentum 11111 111 0111111101111111 111111151111115111511. 0,.-574
111101111191111 4,301 11511151110111111. ·5,335
1101011111151151111011101,1011151 11511111,111111 Auyrln, niu 11111
5111 Romania 011111. undo (1111111111 magnatorum. , 10,·100
1116111151 nefastos 0101111 3409 1115111οο111 1111111. 1315 ·
11111111 11111151151111, 551111911;(11 1151,551111.11511115111 11111 1111111
051115. 10, 955 robur. 281⁹
alligare 11111 amnem 11111 11111 55115111 1151111110, 351
10, 926 1151111111111111511011111111111111111
1111111 torpor 11111 et 111111 4 290 1111911157
1055115111111111111111111111111111 amor 11511 Orba, 1511111011. 4101
151111110111111919. 5, 316 115115511111111 11111111. qm
alloquium, 5511511111. 10, 174 amor 1111011 magici· 5111101111. 0 ,431,
1115,111115111151 1511911511 1, 600 400
11111, aquoso 1515 11111 arbor, el 1111051 1151 11111115111551611. 0, Μ
fabricandis 1111111 veteribus. 3, 449. 1111110111, 1111111 11111111 σιμ-Β·
11111, pro 1111. 9, 497. 11151111. pro 0111, 116111111111111111111 111111·
11011111101151151111. 9, 486. 4, 111151 0 710
422 11101111,Ρο51111111101. 3,171
115111701111111,11111111110111110111 Α1101110111011,111151111. 0044
altos 111111115111111111 11111115- Α111111151011111101111111,111111’1111-
11111151111110151111151111111.111110101101111111511511111,

6, 410 ·0,οω

Alpheus Elidis 1111111, per subterraneos 111111111111191111 1111111011 utu

111111511611111131511111 venire, 51 111111 5111. 4, 20011 1111111111·
Arethuraemircen· 3,177 (1111531111111111-,1176
11111,11111,151111111111151111155(1101101511.1111
111116191911111111511,183,302,304,11115111 11111 tcum 11111111· blm
481, 688. 9, 199, 535, 630. 1, 999. marronam-mlum, 1111-
Alpium tremor 1, 553. Alpes (idest, .(1111; 1161111111. 551911 1111.
11111Α11111)11101511. 1, 919 11111511011111111111111, mlh· 1111
11111511. 6, 990111115511 6,570 1111101111111111111. 6,ηο
111111151115,111115111111111. 9,572 115111 1115111511 2, 440. undu.
111111, mare. 8, 36 4,.’090 futuri· 5111011. 0.· 501. ud-
11111,1111111. 0, 690 piton 511114, 771. minito dul.
1111151151. 1, 319 0 46
0111111511 (11115111. 3, 944 11101111 10111111, 11111 11111Αὼ
11115 11 vicem. 1, 61 1111 Venere obivit. 9, m

Α111113111111151,1151111111111.111-1151010511 11111 Hm “m

l

 

